7.3755 -7.6086 2.0662 7.7384 1.1814 -5.8250 8.1580 -4.4901 -6.8294 -15.6666 -8.8347 -6.8800 8.9590 -2.3059 -3.5205 3.3125 -10.4556
-2.7799 0.1207 0.9113 -7.6706 -10.8428 11.9448 0.5349 -5.2144 4.3399 3.2927 4.8747 2.0018 -13.3303 -1.2386 -5.1841 8.4654 8.4583
-30.9770 2.4391 2.7012 -4.0745 -6.6055 2.2177 0.6272 5.2667 4.5202 5.4437 5.3877 2.7131 14.4202 3.9111 6.6275 -0.6085 7.6675
2.1781 -2.0936 3.0414 -11.6683 -12.4789 15.9804 0.2309 -8.4302 11.3852 14.5047 9.8973 -4.8965 -18.3514 6.0091 -5.1223 -0.8257 -3.2669
-16.6551 -3.3706 2.1065 -6.2592 -7.1182 10.0148 -5.1833 4.9056 -4.7036 5.8849 6.0750 -2.5496 8.3770 0.7055 1.0985 7.3002 6.2705
-7.6748 -8.6250 1.0055 -2.0892 -3.0566 9.8066 -7.1367 4.2285 -5.0708 -0.8172 11.7456 3.0518 -6.1403 0.6259 -2.2111 5.5367 2.0884
-10.3219 -0.0137 1.3971 5.3268 -5.9677 -1.4923 -0.6743 -4.2769 3.2541 -1.9920 -1.7627 0.4086 4.5849 -2.5800 4.3701 4.3750 6.6671
-6.7067 -2.0162 -0.2189 9.1996 -10.0499 7.1530 1.2336 1.9888 6.2064 -0.1071 1.1478 -2.8298 1.4918 -3.0483 -0.2337 -2.9261 -0.3679
2.3848 0.0918 5.3402 -22.6694 1.0726 7.7406 0.3437 -7.2494 -11.2264 -0.2007 2.4434 5.2402 -7.0885 -10.2138 0.5833 0.9919 4.7855
-9.3136 -0.9380 -5.4210 -6.0745 9.4394 2.6227 13.3948 5.9019 1.8695 -0.1786 11.1929 -0.6427 2.1038 -6.2799 -11.2781 0.7075 -10.8043
-6.6463 -3.7262 0.3285 9.0661 -3.3047 -4.4141 -11.2167 1.0515 -8.7515 -0.6137 0.6142 -2.5429 6.5495 4.5403 -3.4210 2.7838 12.2633
3.3331 -1.8906 5.3038 -5.0540 -6.7457 9.4952 -7.3910 -18.8375 -6.3749 7.5616 -3.5771 -2.5557 1.9235 -1.1928 6.3016 -1.8139 2.2330
-3.3917 -0.1014 -0.8320 5.8019 -13.7446 6.7821 2.7831 1.6778 3.5306 5.1494 -2.0912 0.6414 5.6427 16.6572 -17.8504 -11.3466 -2.6538
-1.5629 -8.4285 1.7512 7.4006 -2.1682 -4.6339 -0.2744 7.6693 4.4671 3.1274 0.3940 -9.0865 0.5252 9.2306 0.1704 -10.2832 -10.3025
-6.0345 2.5850 1.5185 -4.1394 -4.7864 3.6977 1.9097 0.3708 6.1075 1.6144 1.3985 -3.0594 0.9621 0.3106 1.1428 0.3728 -2.2853
-2.2695 -0.7707 -2.1626 -0.3806 -1.8146 7.9225 -1.2874 -5.4077 5.7602 -12.7874 7.3800 -2.7357 -22.8294 -4.7745 13.5160 3.0859 4.0318
-9.3573 7.0602 -4.4924 -5.9721 4.8648 0.8453 9.7533 -2.2781 2.2261 -5.3261 -8.2896 0.8225 6.5475 -3.8868 -0.1152 4.7629 4.2986
-1.1475 -2.0752 1.8243 -2.3555 -7.6339 6.0779 -0.7416 12.9925 0.3484 0.5503 -3.4237 -12.9756 -1.6719 1.5858 -11.7581 2.1173 9.1274
-7.1167 -1.2844 2.3133 8.9031 -5.7669 -6.8780 5.8399 -1.5884 0.7692 -2.7321 0.6461 -0.4878 -1.1418 -11.5121 2.5338 12.3208 -2.1818
-18.0858 5.2595 3.4891 -13.0368 -7.8973 13.5570 8.0475 19.0140 -0.5200 12.8486 -0.2741 1.8168 1.4518 -1.1291 -0.9787 -4.4056 -9.0942
-6.6255 6.2744 2.8135 -8.8593 -12.7465 14.0374 0.1813 -8.3147 5.6850 15.0250 -4.6375 11.3996 4.2018 3.4006 2.6741 -13.9862 -10.0180
-12.3039 1.8801 4.3219 -1.2337 -6.7263 2.2501 -2.5484 3.7762 -1.8532 -8.9532 -3.6854 16.2366 -5.9608 0.9784 2.1250 4.6585 6.3263
-4.3118 -1.4047 -0.1447 -1.5810 -3.2742 2.5393 -5.2251 0.4515 -5.0311 -11.5333 -1.7001 3.5206 -5.2526 16.3782 10.1793 -8.3476 -1.9006
-1.5196 -6.9896 1.2487 14.5183 0.1059 -19.5101 0.4385 -1.4619 -13.3488 2.9511 -4.9294 0.8922 -0.8968 7.3192 -0.2687 9.5438 -0.4677
-5.8617 3.7618 -4.2445 -0.8912 3.8555 0.3612 0.1217 -8.5464 -8.9770 -3.4261 -5.1437 14.6823 -2.0465 -10.3130 18.2006 6.6910 -12.7339
-16.4499 -3.4163 -7.0723 -4.6377 4.0135 3.4325 9.3388 -4.3515 -5.0745 16.2845 12.0308 -0.9654 -2.2958 -4.8692 -1.9592 19.0349 -7.0602
