5.9352 -9.6459 2.3365 11.9218 0.2800 -7.5966 4.2351 -3.0579 -5.4228 -13.9433 -4.4139 -5.5077 5.7967 -2.6410 -3.0028 3.3034 -7.7590
-2.8951 1.1023 0.8660 -7.9086 -9.8397 11.3497 0.5739 -4.5915 3.7418 2.8911 4.1272 2.6662 -11.9556 -1.5464 -4.8248 7.4678 7.9851
-30.3037 2.2671 2.6421 -4.3815 -6.3650 2.7317 0.9721 5.5494 4.4845 5.5724 5.5117 2.2660 13.8163 3.7991 6.4835 -0.7553 7.3222
1.4381 -0.5587 2.7582 -11.8258 -10.7815 14.7194 0.4778 -6.7115 9.6331 13.1255 7.9989 -4.0446 -15.8784 5.1784 -4.3069 -1.5571 -2.5349
-15.4826 -2.8212 1.9513 -6.2602 -6.6227 9.5482 -4.6772 4.3916 -4.0266 5.6017 5.4776 -2.4200 7.7971 0.5719 1.1609 6.6048 5.6974
-6.0449 -7.9262 0.9413 -1.8970 -2.3872 8.5686 -6.5620 3.5156 -3.7984 -0.7957 10.1321 2.4068 -5.6011 0.3053 -2.1259 4.5299 1.5265
-10.2828 -0.3920 1.4376 5.7569 -5.9048 -1.7109 -0.7536 -4.1823 3.1757 -2.0183 -1.6449 0.4492 4.4712 -2.5746 4.3919 4.3641 6.6135
-6.7469 -2.5412 -0.0785 9.6457 -10.0708 6.9382 1.2262 1.9904 6.1974 -0.1545 1.1037 -2.8065 1.5179 -3.0168 -0.1635 -2.8595 -0.3794
2.2381 3.0887 4.6124 -25.0190 0.5116 10.6619 0.3167 -6.5722 -9.9294 1.0644 2.2693 5.2917 -6.2571 -7.0089 -0.7644 -0.9462 4.5081
-9.1015 -0.0650 -4.9755 -6.4196 8.6825 2.6248 11.9042 5.4778 1.8314 0.0471 9.9807 -0.9981 2.9189 -4.8879 -9.5784 -0.1016 -9.6251
-6.3929 -4.2598 0.4741 9.2465 -3.2330 -4.3293 -10.5896 0.8594 -7.8036 -0.6156 0.6032 -2.3527 6.1262 4.3915 -3.1776 2.7264 11.3918
3.5077 -1.0235 5.1121 -4.8536 -6.7083 9.0055 -7.4983 -15.6959 -5.0672 5.8897 -2.7295 -2.6370 1.1598 -2.0993 5.8504 -2.4881 2.0268
-3.3752 -0.7662 -0.0822 4.5252 -11.0660 5.5389 2.6694 2.1905 2.8963 4.3627 -1.2032 1.2466 3.4011 12.7119 -14.6308 -8.5905 -1.4431
-2.0498 -8.9492 1.8306 8.0421 -2.0964 -5.0294 -0.1899 7.2626 4.4477 2.9465 0.2804 -8.6652 0.6143 8.8951 0.4727 -9.0097 -9.5525
-6.0046 2.7520 1.4871 -4.3263 -4.7348 3.7801 1.9306 0.4097 6.0538 1.6083 1.3650 -3.0242 0.9639 0.2676 1.1212 0.3134 -2.2763
-2.7745 -1.0217 -1.4266 0.0105 -1.3561 6.1163 -1.9863 -3.7826 4.3617 -9.9536 6.0236 -3.0715 -16.9681 -4.4192 11.7074 2.4993 3.6022
-8.9739 7.0976 -4.3675 -5.6501 4.6201 0.9797 8.8761 -1.8108 1.9063 -4.9626 -7.2477 0.9393 5.9759 -3.9027 -0.1310 4.2231 4.0462
-1.3760 -1.7177 1.6600 -2.1377 -6.8644 5.6239 -0.9340 12.2672 0.2802 0.5065 -2.9404 -11.5399 -1.4008 1.4473 -11.2846 1.7097 8.5458
-7.2066 -2.0412 2.4002 9.7076 -5.4429 -7.6411 5.7331 -1.4910 0.8255 -2.6770 0.4515 -0.0985 -1.0683 -10.4649 2.4987 11.9865 -2.1638
-17.8689 7.5554 2.8037 -15.3927 -7.1775 14.3215 8.8791 17.4657 0.3308 11.9364 0.4308 2.2195 1.4905 -1.7133 -1.1801 -4.9233 -7.8225
-6.1912 7.8698 2.4674 -9.9888 -11.8021 13.8038 0.5375 -7.4623 4.7917 13.4328 -3.6479 10.1465 3.4199 2.5123 1.8660 -12.3735 -7.9103
-9.8056 2.2403 3.6446 -0.4757 -5.4376 0.9542 -1.5509 1.7857 -2.3156 -7.9420 -2.2823 12.2560 -4.1930 -0.1420 1.9938 2.8990 6.0277
-4.8766 -0.4009 -0.2628 -2.8914 -1.2057 0.5375 -3.8784 -0.2681 -4.6836 -6.5009 -0.0519 0.4341 -1.2106 12.8760 8.9173 -6.3161 -0.5747
-1.7046 -7.7328 1.3708 14.9915 0.1366 -19.2925 0.2411 -1.3896 -12.0490 2.8670 -4.6553 0.8209 -0.9932 7.1197 -0.1761 9.1916 -0.4058
-4.0071 3.0698 -3.7973 0.2509 3.5876 0.0024 1.0901 -7.9661 -7.4963 -3.1426 -3.4430 10.5340 -1.5113 -9.2587 14.8265 4.2371 -10.2034
-15.5540 -2.6075 -5.2465 -2.8496 3.6721 1.9698 8.5120 -1.8799 -3.0057 11.9388 8.4380 2.4587 -0.9255 -2.7621 -1.9000 13.2294 -4.2712
